# Created by Octave 3.2.4, Thu Jan 24 22:33:04 2013 EET <hhaapala@pikalentokone>
# name: test100result
# type: matrix
# rows: 12
# columns: 2
 0.4117650626370341 -2.869145785655391
 2.638621913585121 -1.575950443795056
 2.050621638328523 0.508194457316787
 1.856457253218937 0.8404406772993155
 0.6889983525066655 1.605248823316989
 -0.4306985997200181 2.141215375336973
 -1.187863496743761 2.295679969813418
 -2.278175791373962 1.894395038709398
 -2.014959422427117 -1.226536673500165
 -1.612219329446485 -1.527331902358966
 -1.000108998272335 -1.972846564433562
 0.4117650626370341 -2.869145785655391
