# Created by Octave 3.2.4, Thu Jan 24 22:35:11 2013 EET <hhaapala@pikalentokone>
# name: test10000result
# type: matrix
# rows: 13
# columns: 2
 3.681337916807287 -2.400893971571171
 4.223340447168665 -0.7836464367225219
 3.637452831842996 2.038220601572296
 0.1265688719586784 4.274360842857451
 -2.341636891976381 3.092187237926624
 -3.535806032556723 1.314210411764861
 -3.526997448407464 0.7093569334834096
 -3.305238194540438 -1.093338169832404
 -2.113140362140886 -2.604895804212937
 -1.438845518511419 -3.232313167709127
 -0.3331612693084876 -3.886502301065456
 0.7541034122158321 -3.49753896316003
 3.681337916807287 -2.400893971571171
