# Created by Octave 3.2.4, Tue Jan 15 12:31:11 2013 EET <hhaapala@pikalentokone>
# name: X
# type: matrix
# rows: 100
# columns: 2
 -0.5705958661923074 0.01936169932062075
 -0.9878410040657848 0.04060446911564442
 0.87600134192599 -1.322265502531406
 -0.4254689094248434 -0.9340345661366296
 -0.5789840910127002 -0.7512923500901185
 1.176669733580427 -0.2670571689624464
 1.365013575297806 0.08199662878323889
 0.05419810803275239 -0.6682641222847613
 0.5854314721801576 -1.049371402150423
 -0.6047482346851724 0.9672803163534108
 1.326973092366511 -0.4458865989729163
 0.435709155224744 0.8872405722617115
 0.8944451421085944 -2.197449743157762
 0.2278646269016597 0.6232785022775
 -1.150922583924122 2.828629323407648
 0.780940276992698 -0.9428898708895506
 -0.7870856394930983 -1.838780544968642
 0.9832724911347872 0.9497091592546296
 1.74426437874091 0.7020645887848587
 0.04542276061848464 -0.4752447804638783
 0.4516794608476543 -0.4270745360692557
 -0.4679939073870768 0.2089738804404065
 3.025629138260271 1.017345081823987
 0.03483578810800725 0.07566304823955465
 -0.6261880353272483 -0.9432907589833802
 -0.6745758710948607 0.01450249211340863
 -0.7815858243111473 1.475785781380671
 -0.3546488153779875 2.31432442621462
 1.36244778061911 -1.568641391791529
 0.3054112916190053 1.817373511289376
 1.263965761580492 -0.5688233125896566
 -0.07399939836487876 -0.5482331555859614
 -0.02491696045646868 0.7871625901251871
 -0.6470778792041587 -0.4020743232916679
 -1.39064556686313 -0.3479821405471957
 1.681961409600918 1.230120207869576
 0.3456076897953742 0.659422905875871
 1.591000476148648 0.3292290499920336
 -0.7945732407733518 1.728773344465028
 -2.103659288119384 1.436824167431642
 0.1049083912871257 -0.2493931229868644
 1.909848692043573 1.415254489673274
 0.7459769809502543 -0.0598524308206534
 1.520919348637451 -1.522868298299124
 0.2666822209618077 -0.08222345746351728
 -1.073285710185048 0.2454869108486796
 0.1481754819868896 1.425121932210906
 0.3213010597959223 0.1742542879951209
 -0.2467728573612252 1.175904173318735
 1.524428218257517 -0.9931407973461108
 -0.8223521688900076 -1.331298828659955
 0.1804841687856046 0.5417007082055157
 -0.264807848831275 0.3741805919141852
 -2.857114258430261 1.325628147849535
 1.82634141393083 0.2443614562607709
 0.6563290919260441 -1.629177644971049
 0.6320133940648355 0.1224238490064774
 -1.286405346053312 -0.1740002949564047
 -0.6600217844514169 0.2486115634396374
 0.6358109742332109 -1.149050266404066
 -0.0636933071896348 -0.6170637511766852
 0.2058960160354387 -0.1474372310615546
 -0.3698087224859104 -0.6503560123207622
 -0.07544922070235555 -1.077107987622498
 0.5052378456363616 -0.628060526490861
 -0.5849185894965192 -0.5769807230668439
 -0.4143580501367688 -1.146214347037924
 1.365732651724522 0.3976966681779387
 0.5816969832037803 0.9129320134657166
 -0.6465850691222633 0.2915080572160367
 -0.2969181634049957 0.4306571304594506
 1.009075967708875 -0.5758310648399382
 1.143147673949647 -0.9181150327618007
 0.4774511424465114 0.4371961313947936
 -0.6812312987038087 -0.3223951292756391
 -0.7394880836746454 -0.3697930847810428
 0.8478791403505311 0.05640340777108659
 0.7444665090497663 -0.3946197541102317
 -0.3543781170073269 1.138693365168547
 -0.1815379425031137 -1.110889605062384
 0.7387883803870341 1.441522904244165
 0.6265441665505614 -0.6460479154388018
 2.238426234163407 0.5436285163041563
 -0.9258130705789698 0.1181834604789936
 0.2191029151750042 -0.9997612315082079
 0.4246858828424809 -1.765493988501001
 0.04544411702936035 0.4531157658614909
 -0.449308578369469 -1.207260285661449
 -0.583368389911465 -0.1803806826392465
 0.5715865460489437 -1.444896855682677
 1.393350269635901 -0.8325497616812889
 -0.5756658483579118 0.3528334354134565
 -0.5103635463770213 1.140144638204963
 0.2092596509549398 0.5230493524669028
 -2.100201925744027 -0.136286631005967
 1.138971244264287 -0.06780017360064629
 -0.0177337554844242 1.204041686014715
 1.410233262694791 -0.0001164255698967582
 -0.1173033203675146 -1.317931217746982
 -2.652469192654714 0.03105508118594566
# name: ans
# type: string
# elements: 1
# length: 30
/usr/share/octave/packages/3.2
