# Created by Octave 3.2.4, Mon Jan 21 14:11:57 2013 EET <heha@z1-1>
# name: test
# type: matrix
# rows: 10
# columns: 2
 1.2842253647105 -2.678061166437933
 2.709358366794124 -0.894153541106684
 2.685307470270369 0.54685127890765
 1.295540845687059 2.244316626794402
 -0.9289327248045753 1.673446191120014
 -1.666739499817994 1.095336594367961
 -2.316052564531238 0.3413632182230372
 -2.115692214784427 -0.8460815846118864
 -0.7076113360958607 -2.185496173912107
 1.2842253647105 -2.678061166437933
