# Created by Octave 3.2.4, Thu Jan 24 21:55:14 2013 EET <hhaapala@pikalentokone>
# name: test100
# type: matrix
# rows: 100
# columns: 2
 -0.4533672489500763 1.936328693901435
 -0.03768103244102625 1.524302225664104
 -1.429086820770073 0.5788846286125263
 -0.4306985997200181 2.141215375336973
 -0.1484351709923541 -0.1490200029707445
 2.050621638328523 0.508194457316787
 1.215403018429417 0.5130618163930695
 1.651848715242075 -0.0262107094187798
 0.3159508735004959 0.2115799917625412
 -0.7464018278597944 -0.2201410856039146
 -0.1304945955330084 -0.06265309051591447
 -0.8163263458732494 -0.2827685206380452
 0.1423194213274026 -0.04397682181641022
 -1.038604004274543 -0.6806697995055501
 1.284340367427075 -0.4082423542717663
 -0.860620621419294 -1.179105576415437
 -0.6140262733768685 -0.2636313943402339
 -0.9642045877989364 1.231588133237744
 2.638621913585121 -1.575950443795056
 -0.8745919467805908 -0.9615778535125021
 -1.187863496743761 2.295679969813418
 -0.3202955968217768 -2.117033884898565
 -1.000108998272335 -1.972846564433562
 0.3550455608823284 -0.008184148859471493
 -0.2373473121127083 1.472999443582058
 -0.5041915150731574 0.2002206373734192
 0.8590969578574985 -0.0831766791545679
 -1.05004246420848 -0.103296859519793
 -0.7705119761597329 1.753105981252142
 -0.2469230339873857 -1.076442339909668
 -1.014541061681482 -1.862658402446996
 0.08387813604269287 -0.9237892879393634
 0.3886487489556095 0.08457357632563388
 0.05157265704592639 0.02206427286291379
 -0.554324887579812 -1.17564115151952
 -0.9303545090941082 -0.5311716721317488
 -1.17996169495165 0.5833144920942401
 -0.6563214952462803 -1.655478277265131
 -0.4496891578340314 -1.820298307190589
 -1.612219329446485 -1.527331902358966
 1.156141410806501 0.811845765014054
 2.112482727595242 -0.04087417924490091
 0.4117650626370341 -2.869145785655391
 -0.7054341913937427 0.8128468814277666
 -0.9859238454949895 -1.29504984091978
 -0.7705632362028684 -0.401186641472022
 -1.409615501436424 -1.501093412996088
 -1.589901910018192 0.02043597187568412
 1.839889123722097 -0.4950145749304652
 0.6540369097281667 -0.1168315924383337
 0.3436185222972692 -0.8091462612285231
 0.2942240830129772 -0.009163722284009182
 -2.014959422427117 -1.226536673500165
 -0.9663065658489141 -0.6095749347758892
 -0.6716552402684726 -1.929760352776603
 -2.278175791373962 1.894395038709398
 -1.062649496566071 -0.6037428701828305
 0.9513229281114768 0.05260250566701308
 -0.9553271492978765 -0.6838331862660946
 0.7297336882146375 -2.534333094439786
 0.6710404397208105 -0.1068612396424079
 -0.01660801073386877 -0.8287888127359613
 0.1151902812134638 0.2529698232267976
 -0.5227385354196629 -2.138227589619229
 -1.055834673659497 1.048701867120328
 -1.057757484852103 0.1877341811173699
 1.057129695688036 -0.9544265166494671
 -0.3417406270926 -0.6166119004121938
 -0.9287415220088564 -0.1547359519293688
 -0.7924132868007566 -0.5028913181130322
 -0.7928520387272946 -0.4793246862026336
 -0.5999704171490327 1.700994543858152
 -0.4333013148861657 0.3735528513268656
 0.2687228123092629 0.6749799621593701
 -0.05443441208680799 -0.3199118046577364
 0.4731102758910013 1.349727864077114
 -1.065993360749407 0.2032629000409772
 1.265199185818636 0.1936312176810773
 -0.1752059039922923 -0.4456454943079092
 1.153366671557519 0.6166039531806289
 1.856457253218937 0.8404406772993155
 1.283824234489641 0.8640048810995491
 -0.8496101770340856 -0.5761222963107706
 0.1467498001187127 0.6016664561728582
 0.9057834204574502 0.931875954202591
 -0.01678948601991859 0.02946136430109321
 0.2559818044692787 -1.887476907116767
 0.7418864679891337 0.9326139973444559
 -0.9230689709427116 -0.2444406505629421
 0.6889983525066655 1.605248823316989
 -0.1810295183396823 0.009351927006967759
 -0.4326351041965597 -1.642237029426981
 -1.736063540048287 1.572574498806128
 0.7975792507178738 0.7913903006857839
 1.262071201830356 0.3050980800258595
 -0.1804879320008382 -1.261903222097359
 -0.1979373896001508 0.8103238204236581
 -0.4926528539762033 -0.6220336005216861
 -0.06660282328936133 1.051842799082062
 0.6052667838879432 -0.7226976537000418
